1.09944
0.875719
1.08892
1.23784
1.0504
1.08114
0.788259
1.07738
0.976404
1.0886
1.00057
0.866398
1.009
1.24818
0.975318
0.985946
1.0019
1.14204
1.18623
1.15424
1.20528
1.07566
1.3943
0.982605
0.973465
0.958527
1.10929
0.953059
0.862664
1.06436
1.16134
1.25973
0.981188
0.988163
1.00089
0.997486
1.31909
1.11907
1.06934
0.833208
1.09257
1.09084
0.98369
1.01421
0.897443
1.14437
0.84782
0.895739
1.06892
1.01087
1.10173
1.13276
0.904799
0.96205
0.981231
0.984395
1.2011
1.25928
0.904175
0.990478
0.828628
1.11274
1.00603
0.864533
0.86618
1.10282
0.942232
1.23008
0.88623
0.95853
1.02838
0.848724
1.06187
0.988346
1.01187
0.843807
1.08458
0.968186
0.959259
1.08753
0.960254
0.980696
1.11729
1.03851
1.26654
0.876904
0.956458
1.12025
0.891325
0.951453
